<html>
  <head>
    <meta charset="utf-8" />
  </head>
  <body>
    <div>
      <script type="text/javascript">
        window.PlotlyConfig = { MathJaxConfig: "local" };
      </script>
      <script src="https://cdn.plot.ly/plotly-2.9.0.min.js"></script>
      <div
        id="cb7d07ec-902a-4fd0-817e-9b2960c60c1d"
        class="plotly-graph-div"
        style="height: 100%; width: 100%"
      ></div>
      <script type="text/javascript">
        window.PLOTLYENV = window.PLOTLYENV || {};
        if (document.getElementById("cb7d07ec-902a-4fd0-817e-9b2960c60c1d")) {
          Plotly.newPlot(
            "cb7d07ec-902a-4fd0-817e-9b2960c60c1d",
            [
              {
                coloraxis: "coloraxis",
                name: "0",
                x: [
                  "ADA",
                  "BTC",
                  "DOGE",
                  "ETH",
                  "SOL",
                  "AAPL",
                  "AMZN",
                  "FB",
                  "JPM",
                  "TSLA",
                ],
                y: [
                  "ADA",
                  "BTC",
                  "DOGE",
                  "ETH",
                  "SOL",
                  "AAPL",
                  "AMZN",
                  "FB",
                  "JPM",
                  "TSLA",
                ],
                z: [
                  [
                    1.0, 2.6318723676188384e-129, 5.205350486401967e-128,
                    7.627548317985006e-175, 2.7583410158628364e-81,
                    2.2243865916942904e-62, 5.398651637918001e-40,
                    1.9949911251677727e-106, 1.7062899836109386e-165,
                    3.601959988766946e-64,
                  ],
                  [
                    2.6318723676188384e-129, 1.0, 1.0709647165721549e-68,
                    6.44846231868677e-160, 2.365455629266359e-63,
                    1.5551689923261865e-77, 1.3350907785743253e-42,
                    1.7652973028079128e-57, 2.0025928623452826e-204,
                    2.815041461706457e-124,
                  ],
                  [
                    5.205350486401967e-128, 1.0709647165721549e-68, 1.0,
                    2.1262680601564713e-113, 4.362625369518889e-39,
                    4.795542904962872e-37, 2.289067774930044e-31,
                    7.432854931932427e-75, 2.1846859656707933e-99,
                    1.2090972404376173e-34,
                  ],
                  [
                    7.627548317985006e-175, 6.44846231868677e-160,
                    2.1262680601564713e-113, 1.0, 4.4768229438741823e-151,
                    2.3922900466800396e-113, 6.048265746872301e-45,
                    3.156700619135708e-81, 1.470789009386251e-194,
                    9.67702465347674e-133,
                  ],
                  [
                    2.7583410158628364e-81, 2.365455629266359e-63,
                    4.362625369518889e-39, 4.4768229438741823e-151, 1.0,
                    6.365807147592701e-76, 6.76031067142759e-24,
                    5.054636435901789e-43, 2.5318502739476233e-70,
                    3.274914569227014e-91,
                  ],
                  [
                    2.2243865916942904e-62, 1.5551689923261865e-77,
                    4.795542904962872e-37, 2.3922900466800396e-113,
                    6.365807147592701e-76, 1.0, 1.253761533836485e-84,
                    2.7718371633908558e-73, 1.532007671584194e-113,
                    1.7904004065681158e-193,
                  ],
                  [
                    5.398651637918001e-40, 1.3350907785743253e-42,
                    2.289067774930044e-31, 6.048265746872301e-45,
                    6.76031067142759e-24, 1.253761533836485e-84, 1.0,
                    1.4230883311706703e-106, 4.4149685496655327e-54,
                    3.5445454455579572e-65,
                  ],
                  [
                    1.9949911251677727e-106, 1.7652973028079128e-57,
                    7.432854931932427e-75, 3.156700619135708e-81,
                    5.054636435901789e-43, 2.7718371633908558e-73,
                    1.4230883311706703e-106, 1.0, 3.2611134314946283e-90,
                    1.2188028364782355e-55,
                  ],
                  [
                    1.7062899836109386e-165, 2.0025928623452826e-204,
                    2.1846859656707933e-99, 1.470789009386251e-194,
                    2.5318502739476233e-70, 1.532007671584194e-113,
                    4.4149685496655327e-54, 3.2611134314946283e-90, 1.0,
                    9.005130426195766e-138,
                  ],
                  [
                    3.601959988766946e-64, 2.815041461706457e-124,
                    1.2090972404376173e-34, 9.67702465347674e-133,
                    3.274914569227014e-91, 1.7904004065681158e-193,
                    3.5445454455579572e-65, 1.2188028364782355e-55,
                    9.005130426195766e-138, 1.0,
                  ],
                ],
                type: "heatmap",
                xaxis: "x",
                yaxis: "y",
                hovertemplate:
                  "x: %{x}<br>y: %{y}<br>color: %{z}<extra></extra>",
              },
            ],
            {
              template: {
                data: {
                  bar: [
                    {
                      error_x: { color: "#2a3f5f" },
                      error_y: { color: "#2a3f5f" },
                      marker: {
                        line: { color: "#E5ECF6", width: 0.5 },
                        pattern: {
                          fillmode: "overlay",
                          size: 10,
                          solidity: 0.2,
                        },
                      },
                      type: "bar",
                    },
                  ],
                  barpolar: [
                    {
                      marker: {
                        line: { color: "#E5ECF6", width: 0.5 },
                        pattern: {
                          fillmode: "overlay",
                          size: 10,
                          solidity: 0.2,
                        },
                      },
                      type: "barpolar",
                    },
                  ],
                  carpet: [
                    {
                      aaxis: {
                        endlinecolor: "#2a3f5f",
                        gridcolor: "white",
                        linecolor: "white",
                        minorgridcolor: "white",
                        startlinecolor: "#2a3f5f",
                      },
                      baxis: {
                        endlinecolor: "#2a3f5f",
                        gridcolor: "white",
                        linecolor: "white",
                        minorgridcolor: "white",
                        startlinecolor: "#2a3f5f",
                      },
                      type: "carpet",
                    },
                  ],
                  choropleth: [
                    {
                      colorbar: { outlinewidth: 0, ticks: "" },
                      type: "choropleth",
                    },
                  ],
                  contour: [
                    {
                      colorbar: { outlinewidth: 0, ticks: "" },
                      colorscale: [
                        [0.0, "#0d0887"],
                        [0.1111111111111111, "#46039f"],
                        [0.2222222222222222, "#7201a8"],
                        [0.3333333333333333, "#9c179e"],
                        [0.4444444444444444, "#bd3786"],
                        [0.5555555555555556, "#d8576b"],
                        [0.6666666666666666, "#ed7953"],
                        [0.7777777777777778, "#fb9f3a"],
                        [0.8888888888888888, "#fdca26"],
                        [1.0, "#f0f921"],
                      ],
                      type: "contour",
                    },
                  ],
                  contourcarpet: [
                    {
                      colorbar: { outlinewidth: 0, ticks: "" },
                      type: "contourcarpet",
                    },
                  ],
                  heatmap: [
                    {
                      colorbar: { outlinewidth: 0, ticks: "" },
                      colorscale: [
                        [0.0, "#0d0887"],
                        [0.1111111111111111, "#46039f"],
                        [0.2222222222222222, "#7201a8"],
                        [0.3333333333333333, "#9c179e"],
                        [0.4444444444444444, "#bd3786"],
                        [0.5555555555555556, "#d8576b"],
                        [0.6666666666666666, "#ed7953"],
                        [0.7777777777777778, "#fb9f3a"],
                        [0.8888888888888888, "#fdca26"],
                        [1.0, "#f0f921"],
                      ],
                      type: "heatmap",
                    },
                  ],
                  heatmapgl: [
                    {
                      colorbar: { outlinewidth: 0, ticks: "" },
                      colorscale: [
                        [0.0, "#0d0887"],
                        [0.1111111111111111, "#46039f"],
                        [0.2222222222222222, "#7201a8"],
                        [0.3333333333333333, "#9c179e"],
                        [0.4444444444444444, "#bd3786"],
                        [0.5555555555555556, "#d8576b"],
                        [0.6666666666666666, "#ed7953"],
                        [0.7777777777777778, "#fb9f3a"],
                        [0.8888888888888888, "#fdca26"],
                        [1.0, "#f0f921"],
                      ],
                      type: "heatmapgl",
                    },
                  ],
                  histogram: [
                    {
                      marker: {
                        pattern: {
                          fillmode: "overlay",
                          size: 10,
                          solidity: 0.2,
                        },
                      },
                      type: "histogram",
                    },
                  ],
                  histogram2d: [
                    {
                      colorbar: { outlinewidth: 0, ticks: "" },
                      colorscale: [
                        [0.0, "#0d0887"],
                        [0.1111111111111111, "#46039f"],
                        [0.2222222222222222, "#7201a8"],
                        [0.3333333333333333, "#9c179e"],
                        [0.4444444444444444, "#bd3786"],
                        [0.5555555555555556, "#d8576b"],
                        [0.6666666666666666, "#ed7953"],
                        [0.7777777777777778, "#fb9f3a"],
                        [0.8888888888888888, "#fdca26"],
                        [1.0, "#f0f921"],
                      ],
                      type: "histogram2d",
                    },
                  ],
                  histogram2dcontour: [
                    {
                      colorbar: { outlinewidth: 0, ticks: "" },
                      colorscale: [
                        [0.0, "#0d0887"],
                        [0.1111111111111111, "#46039f"],
                        [0.2222222222222222, "#7201a8"],
                        [0.3333333333333333, "#9c179e"],
                        [0.4444444444444444, "#bd3786"],
                        [0.5555555555555556, "#d8576b"],
                        [0.6666666666666666, "#ed7953"],
                        [0.7777777777777778, "#fb9f3a"],
                        [0.8888888888888888, "#fdca26"],
                        [1.0, "#f0f921"],
                      ],
                      type: "histogram2dcontour",
                    },
                  ],
                  mesh3d: [
                    {
                      colorbar: { outlinewidth: 0, ticks: "" },
                      type: "mesh3d",
                    },
                  ],
                  parcoords: [
                    {
                      line: { colorbar: { outlinewidth: 0, ticks: "" } },
                      type: "parcoords",
                    },
                  ],
                  pie: [{ automargin: true, type: "pie" }],
                  scatter: [
                    {
                      marker: { colorbar: { outlinewidth: 0, ticks: "" } },
                      type: "scatter",
                    },
                  ],
                  scatter3d: [
                    {
                      line: { colorbar: { outlinewidth: 0, ticks: "" } },
                      marker: { colorbar: { outlinewidth: 0, ticks: "" } },
                      type: "scatter3d",
                    },
                  ],
                  scattercarpet: [
                    {
                      marker: { colorbar: { outlinewidth: 0, ticks: "" } },
                      type: "scattercarpet",
                    },
                  ],
                  scattergeo: [
                    {
                      marker: { colorbar: { outlinewidth: 0, ticks: "" } },
                      type: "scattergeo",
                    },
                  ],
                  scattergl: [
                    {
                      marker: { colorbar: { outlinewidth: 0, ticks: "" } },
                      type: "scattergl",
                    },
                  ],
                  scattermapbox: [
                    {
                      marker: { colorbar: { outlinewidth: 0, ticks: "" } },
                      type: "scattermapbox",
                    },
                  ],
                  scatterpolar: [
                    {
                      marker: { colorbar: { outlinewidth: 0, ticks: "" } },
                      type: "scatterpolar",
                    },
                  ],
                  scatterpolargl: [
                    {
                      marker: { colorbar: { outlinewidth: 0, ticks: "" } },
                      type: "scatterpolargl",
                    },
                  ],
                  scatterternary: [
                    {
                      marker: { colorbar: { outlinewidth: 0, ticks: "" } },
                      type: "scatterternary",
                    },
                  ],
                  surface: [
                    {
                      colorbar: { outlinewidth: 0, ticks: "" },
                      colorscale: [
                        [0.0, "#0d0887"],
                        [0.1111111111111111, "#46039f"],
                        [0.2222222222222222, "#7201a8"],
                        [0.3333333333333333, "#9c179e"],
                        [0.4444444444444444, "#bd3786"],
                        [0.5555555555555556, "#d8576b"],
                        [0.6666666666666666, "#ed7953"],
                        [0.7777777777777778, "#fb9f3a"],
                        [0.8888888888888888, "#fdca26"],
                        [1.0, "#f0f921"],
                      ],
                      type: "surface",
                    },
                  ],
                  table: [
                    {
                      cells: {
                        fill: { color: "#EBF0F8" },
                        line: { color: "white" },
                      },
                      header: {
                        fill: { color: "#C8D4E3" },
                        line: { color: "white" },
                      },
                      type: "table",
                    },
                  ],
                },
                layout: {
                  annotationdefaults: {
                    arrowcolor: "#2a3f5f",
                    arrowhead: 0,
                    arrowwidth: 1,
                  },
                  autotypenumbers: "strict",
                  coloraxis: { colorbar: { outlinewidth: 0, ticks: "" } },
                  colorscale: {
                    diverging: [
                      [0, "#8e0152"],
                      [0.1, "#c51b7d"],
                      [0.2, "#de77ae"],
                      [0.3, "#f1b6da"],
                      [0.4, "#fde0ef"],
                      [0.5, "#f7f7f7"],
                      [0.6, "#e6f5d0"],
                      [0.7, "#b8e186"],
                      [0.8, "#7fbc41"],
                      [0.9, "#4d9221"],
                      [1, "#276419"],
                    ],
                    sequential: [
                      [0.0, "#0d0887"],
                      [0.1111111111111111, "#46039f"],
                      [0.2222222222222222, "#7201a8"],
                      [0.3333333333333333, "#9c179e"],
                      [0.4444444444444444, "#bd3786"],
                      [0.5555555555555556, "#d8576b"],
                      [0.6666666666666666, "#ed7953"],
                      [0.7777777777777778, "#fb9f3a"],
                      [0.8888888888888888, "#fdca26"],
                      [1.0, "#f0f921"],
                    ],
                    sequentialminus: [
                      [0.0, "#0d0887"],
                      [0.1111111111111111, "#46039f"],
                      [0.2222222222222222, "#7201a8"],
                      [0.3333333333333333, "#9c179e"],
                      [0.4444444444444444, "#bd3786"],
                      [0.5555555555555556, "#d8576b"],
                      [0.6666666666666666, "#ed7953"],
                      [0.7777777777777778, "#fb9f3a"],
                      [0.8888888888888888, "#fdca26"],
                      [1.0, "#f0f921"],
                    ],
                  },
                  colorway: [
                    "#636efa",
                    "#EF553B",
                    "#00cc96",
                    "#ab63fa",
                    "#FFA15A",
                    "#19d3f3",
                    "#FF6692",
                    "#B6E880",
                    "#FF97FF",
                    "#FECB52",
                  ],
                  font: { color: "#2a3f5f" },
                  geo: {
                    bgcolor: "white",
                    lakecolor: "white",
                    landcolor: "#E5ECF6",
                    showlakes: true,
                    showland: true,
                    subunitcolor: "white",
                  },
                  hoverlabel: { align: "left" },
                  hovermode: "closest",
                  mapbox: { style: "light" },
                  paper_bgcolor: "white",
                  plot_bgcolor: "#E5ECF6",
                  polar: {
                    angularaxis: {
                      gridcolor: "white",
                      linecolor: "white",
                      ticks: "",
                    },
                    bgcolor: "#E5ECF6",
                    radialaxis: {
                      gridcolor: "white",
                      linecolor: "white",
                      ticks: "",
                    },
                  },
                  scene: {
                    xaxis: {
                      backgroundcolor: "#E5ECF6",
                      gridcolor: "white",
                      gridwidth: 2,
                      linecolor: "white",
                      showbackground: true,
                      ticks: "",
                      zerolinecolor: "white",
                    },
                    yaxis: {
                      backgroundcolor: "#E5ECF6",
                      gridcolor: "white",
                      gridwidth: 2,
                      linecolor: "white",
                      showbackground: true,
                      ticks: "",
                      zerolinecolor: "white",
                    },
                    zaxis: {
                      backgroundcolor: "#E5ECF6",
                      gridcolor: "white",
                      gridwidth: 2,
                      linecolor: "white",
                      showbackground: true,
                      ticks: "",
                      zerolinecolor: "white",
                    },
                  },
                  shapedefaults: { line: { color: "#2a3f5f" } },
                  ternary: {
                    aaxis: {
                      gridcolor: "white",
                      linecolor: "white",
                      ticks: "",
                    },
                    baxis: {
                      gridcolor: "white",
                      linecolor: "white",
                      ticks: "",
                    },
                    bgcolor: "#E5ECF6",
                    caxis: {
                      gridcolor: "white",
                      linecolor: "white",
                      ticks: "",
                    },
                  },
                  title: { x: 0.05 },
                  xaxis: {
                    automargin: true,
                    gridcolor: "white",
                    linecolor: "white",
                    ticks: "",
                    title: { standoff: 15 },
                    zerolinecolor: "white",
                    zerolinewidth: 2,
                  },
                  yaxis: {
                    automargin: true,
                    gridcolor: "white",
                    linecolor: "white",
                    ticks: "",
                    title: { standoff: 15 },
                    zerolinecolor: "white",
                    zerolinewidth: 2,
                  },
                },
              },
              xaxis: {
                anchor: "y",
                domain: [0.0, 1.0],
                scaleanchor: "y",
                constrain: "domain",
              },
              yaxis: {
                anchor: "x",
                domain: [0.0, 1.0],
                autorange: "reversed",
                constrain: "domain",
              },
              coloraxis: {
                colorscale: [
                  [0.0, "#0d0887"],
                  [0.1111111111111111, "#46039f"],
                  [0.2222222222222222, "#7201a8"],
                  [0.3333333333333333, "#9c179e"],
                  [0.4444444444444444, "#bd3786"],
                  [0.5555555555555556, "#d8576b"],
                  [0.6666666666666666, "#ed7953"],
                  [0.7777777777777778, "#fb9f3a"],
                  [0.8888888888888888, "#fdca26"],
                  [1.0, "#f0f921"],
                ],
                cmin: 0,
                cmax: 0.1,
              },
              margin: { t: 60 },
            },
            { responsive: true }
          );
        }
      </script>
    </div>
  </body>
</html>
