<html>
  <head>
    <meta charset="utf-8" />
  </head>
  <body>
    <div>
      <script type="text/javascript">
        window.PlotlyConfig = { MathJaxConfig: "local" };
      </script>
      <script src="https://cdn.plot.ly/plotly-2.9.0.min.js"></script>
      <div
        id="7d2be1e6-c110-4fc0-82e1-9a36b328ee92"
        class="plotly-graph-div"
        style="height: 100%; width: 100%"
      ></div>
      <script type="text/javascript">
        window.PLOTLYENV = window.PLOTLYENV || {};
        if (document.getElementById("7d2be1e6-c110-4fc0-82e1-9a36b328ee92")) {
          Plotly.newPlot(
            "7d2be1e6-c110-4fc0-82e1-9a36b328ee92",
            [
              {
                coloraxis: "coloraxis",
                name: "0",
                x: [
                  "ADA",
                  "BTC",
                  "DOGE",
                  "ETH",
                  "SOL",
                  "AAPL",
                  "AMZN",
                  "FB",
                  "JPM",
                  "TSLA",
                ],
                y: [
                  "ADA",
                  "BTC",
                  "DOGE",
                  "ETH",
                  "SOL",
                  "AAPL",
                  "AMZN",
                  "FB",
                  "JPM",
                  "TSLA",
                ],
                z: [
                  [
                    1.0, 3.7413223064370656e-129, 3.124001981471496e-120,
                    1.599878534759312e-175, 8.306327121687649e-82,
                    4.7938932825545685e-59, 4.718146841074208e-38,
                    2.7760736235521074e-105, 6.410048816576432e-166,
                    3.245386354615897e-62,
                  ],
                  [
                    3.7413223064370656e-129, 1.0, 3.725719709385743e-66,
                    2.913745419248151e-159, 7.325943474034703e-63,
                    2.235364392453096e-74, 2.7976451195024534e-41,
                    2.484944426449332e-57, 9.615995692316136e-210,
                    9.353069721146616e-123,
                  ],
                  [
                    3.124001981471496e-120, 3.725719709385743e-66, 1.0,
                    1.163856044770484e-107, 5.009607633764721e-36,
                    4.9265286402983885e-32, 2.964817380233863e-28,
                    8.573656882101885e-68, 1.173456180607726e-92,
                    5.279948201958696e-31,
                  ],
                  [
                    1.599878534759312e-175, 2.913745419248151e-159,
                    1.163856044770484e-107, 1.0, 2.4963521996638453e-150,
                    1.893030734271214e-108, 2.5062372605340656e-44,
                    2.824903478327365e-81, 1.6435677186388411e-189,
                    1.4370441777408957e-130,
                  ],
                  [
                    8.306327121687649e-82, 7.325943474034703e-63,
                    5.009607633764721e-36, 2.4963521996638453e-150, 1.0,
                    5.2086056126549e-75, 1.6153914143729956e-24,
                    2.1429060800692407e-44, 5.922377407180796e-68,
                    1.3763802463658884e-91,
                  ],
                  [
                    4.7938932825545685e-59, 2.235364392453096e-74,
                    4.9265286402983885e-32, 1.893030734271214e-108,
                    5.2086056126549e-75, 1.0, 1.6468926359703472e-84,
                    2.931479241424861e-71, 6.725365681730366e-102,
                    7.525087395721826e-190,
                  ],
                  [
                    4.718146841074208e-38, 2.7976451195024534e-41,
                    2.964817380233863e-28, 2.5062372605340656e-44,
                    1.6153914143729956e-24, 1.6468926359703472e-84, 1.0,
                    3.126642767080601e-101, 7.269725616871041e-50,
                    7.177303226337422e-64,
                  ],
                  [
                    2.7760736235521074e-105, 2.484944426449332e-57,
                    8.573656882101885e-68, 2.824903478327365e-81,
                    2.1429060800692407e-44, 2.931479241424861e-71,
                    3.126642767080601e-101, 1.0, 9.524998271232177e-88,
                    3.271281376597846e-54,
                  ],
                  [
                    6.410048816576432e-166, 9.615995692316136e-210,
                    1.173456180607726e-92, 1.6435677186388411e-189,
                    5.922377407180796e-68, 6.725365681730366e-102,
                    7.269725616871041e-50, 9.524998271232177e-88, 1.0,
                    5.34153709657403e-129,
                  ],
                  [
                    3.245386354615897e-62, 9.353069721146616e-123,
                    5.279948201958696e-31, 1.4370441777408957e-130,
                    1.3763802463658884e-91, 7.525087395721826e-190,
                    7.177303226337422e-64, 3.271281376597846e-54,
                    5.34153709657403e-129, 1.0,
                  ],
                ],
                type: "heatmap",
                xaxis: "x",
                yaxis: "y",
                hovertemplate:
                  "x: %{x}<br>y: %{y}<br>color: %{z}<extra></extra>",
              },
            ],
            {
              template: {
                data: {
                  bar: [
                    {
                      error_x: { color: "#2a3f5f" },
                      error_y: { color: "#2a3f5f" },
                      marker: {
                        line: { color: "#E5ECF6", width: 0.5 },
                        pattern: {
                          fillmode: "overlay",
                          size: 10,
                          solidity: 0.2,
                        },
                      },
                      type: "bar",
                    },
                  ],
                  barpolar: [
                    {
                      marker: {
                        line: { color: "#E5ECF6", width: 0.5 },
                        pattern: {
                          fillmode: "overlay",
                          size: 10,
                          solidity: 0.2,
                        },
                      },
                      type: "barpolar",
                    },
                  ],
                  carpet: [
                    {
                      aaxis: {
                        endlinecolor: "#2a3f5f",
                        gridcolor: "white",
                        linecolor: "white",
                        minorgridcolor: "white",
                        startlinecolor: "#2a3f5f",
                      },
                      baxis: {
                        endlinecolor: "#2a3f5f",
                        gridcolor: "white",
                        linecolor: "white",
                        minorgridcolor: "white",
                        startlinecolor: "#2a3f5f",
                      },
                      type: "carpet",
                    },
                  ],
                  choropleth: [
                    {
                      colorbar: { outlinewidth: 0, ticks: "" },
                      type: "choropleth",
                    },
                  ],
                  contour: [
                    {
                      colorbar: { outlinewidth: 0, ticks: "" },
                      colorscale: [
                        [0.0, "#0d0887"],
                        [0.1111111111111111, "#46039f"],
                        [0.2222222222222222, "#7201a8"],
                        [0.3333333333333333, "#9c179e"],
                        [0.4444444444444444, "#bd3786"],
                        [0.5555555555555556, "#d8576b"],
                        [0.6666666666666666, "#ed7953"],
                        [0.7777777777777778, "#fb9f3a"],
                        [0.8888888888888888, "#fdca26"],
                        [1.0, "#f0f921"],
                      ],
                      type: "contour",
                    },
                  ],
                  contourcarpet: [
                    {
                      colorbar: { outlinewidth: 0, ticks: "" },
                      type: "contourcarpet",
                    },
                  ],
                  heatmap: [
                    {
                      colorbar: { outlinewidth: 0, ticks: "" },
                      colorscale: [
                        [0.0, "#0d0887"],
                        [0.1111111111111111, "#46039f"],
                        [0.2222222222222222, "#7201a8"],
                        [0.3333333333333333, "#9c179e"],
                        [0.4444444444444444, "#bd3786"],
                        [0.5555555555555556, "#d8576b"],
                        [0.6666666666666666, "#ed7953"],
                        [0.7777777777777778, "#fb9f3a"],
                        [0.8888888888888888, "#fdca26"],
                        [1.0, "#f0f921"],
                      ],
                      type: "heatmap",
                    },
                  ],
                  heatmapgl: [
                    {
                      colorbar: { outlinewidth: 0, ticks: "" },
                      colorscale: [
                        [0.0, "#0d0887"],
                        [0.1111111111111111, "#46039f"],
                        [0.2222222222222222, "#7201a8"],
                        [0.3333333333333333, "#9c179e"],
                        [0.4444444444444444, "#bd3786"],
                        [0.5555555555555556, "#d8576b"],
                        [0.6666666666666666, "#ed7953"],
                        [0.7777777777777778, "#fb9f3a"],
                        [0.8888888888888888, "#fdca26"],
                        [1.0, "#f0f921"],
                      ],
                      type: "heatmapgl",
                    },
                  ],
                  histogram: [
                    {
                      marker: {
                        pattern: {
                          fillmode: "overlay",
                          size: 10,
                          solidity: 0.2,
                        },
                      },
                      type: "histogram",
                    },
                  ],
                  histogram2d: [
                    {
                      colorbar: { outlinewidth: 0, ticks: "" },
                      colorscale: [
                        [0.0, "#0d0887"],
                        [0.1111111111111111, "#46039f"],
                        [0.2222222222222222, "#7201a8"],
                        [0.3333333333333333, "#9c179e"],
                        [0.4444444444444444, "#bd3786"],
                        [0.5555555555555556, "#d8576b"],
                        [0.6666666666666666, "#ed7953"],
                        [0.7777777777777778, "#fb9f3a"],
                        [0.8888888888888888, "#fdca26"],
                        [1.0, "#f0f921"],
                      ],
                      type: "histogram2d",
                    },
                  ],
                  histogram2dcontour: [
                    {
                      colorbar: { outlinewidth: 0, ticks: "" },
                      colorscale: [
                        [0.0, "#0d0887"],
                        [0.1111111111111111, "#46039f"],
                        [0.2222222222222222, "#7201a8"],
                        [0.3333333333333333, "#9c179e"],
                        [0.4444444444444444, "#bd3786"],
                        [0.5555555555555556, "#d8576b"],
                        [0.6666666666666666, "#ed7953"],
                        [0.7777777777777778, "#fb9f3a"],
                        [0.8888888888888888, "#fdca26"],
                        [1.0, "#f0f921"],
                      ],
                      type: "histogram2dcontour",
                    },
                  ],
                  mesh3d: [
                    {
                      colorbar: { outlinewidth: 0, ticks: "" },
                      type: "mesh3d",
                    },
                  ],
                  parcoords: [
                    {
                      line: { colorbar: { outlinewidth: 0, ticks: "" } },
                      type: "parcoords",
                    },
                  ],
                  pie: [{ automargin: true, type: "pie" }],
                  scatter: [
                    {
                      marker: { colorbar: { outlinewidth: 0, ticks: "" } },
                      type: "scatter",
                    },
                  ],
                  scatter3d: [
                    {
                      line: { colorbar: { outlinewidth: 0, ticks: "" } },
                      marker: { colorbar: { outlinewidth: 0, ticks: "" } },
                      type: "scatter3d",
                    },
                  ],
                  scattercarpet: [
                    {
                      marker: { colorbar: { outlinewidth: 0, ticks: "" } },
                      type: "scattercarpet",
                    },
                  ],
                  scattergeo: [
                    {
                      marker: { colorbar: { outlinewidth: 0, ticks: "" } },
                      type: "scattergeo",
                    },
                  ],
                  scattergl: [
                    {
                      marker: { colorbar: { outlinewidth: 0, ticks: "" } },
                      type: "scattergl",
                    },
                  ],
                  scattermapbox: [
                    {
                      marker: { colorbar: { outlinewidth: 0, ticks: "" } },
                      type: "scattermapbox",
                    },
                  ],
                  scatterpolar: [
                    {
                      marker: { colorbar: { outlinewidth: 0, ticks: "" } },
                      type: "scatterpolar",
                    },
                  ],
                  scatterpolargl: [
                    {
                      marker: { colorbar: { outlinewidth: 0, ticks: "" } },
                      type: "scatterpolargl",
                    },
                  ],
                  scatterternary: [
                    {
                      marker: { colorbar: { outlinewidth: 0, ticks: "" } },
                      type: "scatterternary",
                    },
                  ],
                  surface: [
                    {
                      colorbar: { outlinewidth: 0, ticks: "" },
                      colorscale: [
                        [0.0, "#0d0887"],
                        [0.1111111111111111, "#46039f"],
                        [0.2222222222222222, "#7201a8"],
                        [0.3333333333333333, "#9c179e"],
                        [0.4444444444444444, "#bd3786"],
                        [0.5555555555555556, "#d8576b"],
                        [0.6666666666666666, "#ed7953"],
                        [0.7777777777777778, "#fb9f3a"],
                        [0.8888888888888888, "#fdca26"],
                        [1.0, "#f0f921"],
                      ],
                      type: "surface",
                    },
                  ],
                  table: [
                    {
                      cells: {
                        fill: { color: "#EBF0F8" },
                        line: { color: "white" },
                      },
                      header: {
                        fill: { color: "#C8D4E3" },
                        line: { color: "white" },
                      },
                      type: "table",
                    },
                  ],
                },
                layout: {
                  annotationdefaults: {
                    arrowcolor: "#2a3f5f",
                    arrowhead: 0,
                    arrowwidth: 1,
                  },
                  autotypenumbers: "strict",
                  coloraxis: { colorbar: { outlinewidth: 0, ticks: "" } },
                  colorscale: {
                    diverging: [
                      [0, "#8e0152"],
                      [0.1, "#c51b7d"],
                      [0.2, "#de77ae"],
                      [0.3, "#f1b6da"],
                      [0.4, "#fde0ef"],
                      [0.5, "#f7f7f7"],
                      [0.6, "#e6f5d0"],
                      [0.7, "#b8e186"],
                      [0.8, "#7fbc41"],
                      [0.9, "#4d9221"],
                      [1, "#276419"],
                    ],
                    sequential: [
                      [0.0, "#0d0887"],
                      [0.1111111111111111, "#46039f"],
                      [0.2222222222222222, "#7201a8"],
                      [0.3333333333333333, "#9c179e"],
                      [0.4444444444444444, "#bd3786"],
                      [0.5555555555555556, "#d8576b"],
                      [0.6666666666666666, "#ed7953"],
                      [0.7777777777777778, "#fb9f3a"],
                      [0.8888888888888888, "#fdca26"],
                      [1.0, "#f0f921"],
                    ],
                    sequentialminus: [
                      [0.0, "#0d0887"],
                      [0.1111111111111111, "#46039f"],
                      [0.2222222222222222, "#7201a8"],
                      [0.3333333333333333, "#9c179e"],
                      [0.4444444444444444, "#bd3786"],
                      [0.5555555555555556, "#d8576b"],
                      [0.6666666666666666, "#ed7953"],
                      [0.7777777777777778, "#fb9f3a"],
                      [0.8888888888888888, "#fdca26"],
                      [1.0, "#f0f921"],
                    ],
                  },
                  colorway: [
                    "#636efa",
                    "#EF553B",
                    "#00cc96",
                    "#ab63fa",
                    "#FFA15A",
                    "#19d3f3",
                    "#FF6692",
                    "#B6E880",
                    "#FF97FF",
                    "#FECB52",
                  ],
                  font: { color: "#2a3f5f" },
                  geo: {
                    bgcolor: "white",
                    lakecolor: "white",
                    landcolor: "#E5ECF6",
                    showlakes: true,
                    showland: true,
                    subunitcolor: "white",
                  },
                  hoverlabel: { align: "left" },
                  hovermode: "closest",
                  mapbox: { style: "light" },
                  paper_bgcolor: "white",
                  plot_bgcolor: "#E5ECF6",
                  polar: {
                    angularaxis: {
                      gridcolor: "white",
                      linecolor: "white",
                      ticks: "",
                    },
                    bgcolor: "#E5ECF6",
                    radialaxis: {
                      gridcolor: "white",
                      linecolor: "white",
                      ticks: "",
                    },
                  },
                  scene: {
                    xaxis: {
                      backgroundcolor: "#E5ECF6",
                      gridcolor: "white",
                      gridwidth: 2,
                      linecolor: "white",
                      showbackground: true,
                      ticks: "",
                      zerolinecolor: "white",
                    },
                    yaxis: {
                      backgroundcolor: "#E5ECF6",
                      gridcolor: "white",
                      gridwidth: 2,
                      linecolor: "white",
                      showbackground: true,
                      ticks: "",
                      zerolinecolor: "white",
                    },
                    zaxis: {
                      backgroundcolor: "#E5ECF6",
                      gridcolor: "white",
                      gridwidth: 2,
                      linecolor: "white",
                      showbackground: true,
                      ticks: "",
                      zerolinecolor: "white",
                    },
                  },
                  shapedefaults: { line: { color: "#2a3f5f" } },
                  ternary: {
                    aaxis: {
                      gridcolor: "white",
                      linecolor: "white",
                      ticks: "",
                    },
                    baxis: {
                      gridcolor: "white",
                      linecolor: "white",
                      ticks: "",
                    },
                    bgcolor: "#E5ECF6",
                    caxis: {
                      gridcolor: "white",
                      linecolor: "white",
                      ticks: "",
                    },
                  },
                  title: { x: 0.05 },
                  xaxis: {
                    automargin: true,
                    gridcolor: "white",
                    linecolor: "white",
                    ticks: "",
                    title: { standoff: 15 },
                    zerolinecolor: "white",
                    zerolinewidth: 2,
                  },
                  yaxis: {
                    automargin: true,
                    gridcolor: "white",
                    linecolor: "white",
                    ticks: "",
                    title: { standoff: 15 },
                    zerolinecolor: "white",
                    zerolinewidth: 2,
                  },
                },
              },
              xaxis: {
                anchor: "y",
                domain: [0.0, 1.0],
                scaleanchor: "y",
                constrain: "domain",
              },
              yaxis: {
                anchor: "x",
                domain: [0.0, 1.0],
                autorange: "reversed",
                constrain: "domain",
              },
              coloraxis: {
                colorscale: [
                  [0.0, "#0d0887"],
                  [0.1111111111111111, "#46039f"],
                  [0.2222222222222222, "#7201a8"],
                  [0.3333333333333333, "#9c179e"],
                  [0.4444444444444444, "#bd3786"],
                  [0.5555555555555556, "#d8576b"],
                  [0.6666666666666666, "#ed7953"],
                  [0.7777777777777778, "#fb9f3a"],
                  [0.8888888888888888, "#fdca26"],
                  [1.0, "#f0f921"],
                ],
                cmin: 0,
                cmax: 0.1,
              },
              margin: { t: 60 },
            },
            { responsive: true }
          );
        }
      </script>
    </div>
  </body>
</html>
