<html>
  <head>
    <meta charset="utf-8" />
  </head>
  <body>
    <div>
      <script type="text/javascript">
        window.PlotlyConfig = { MathJaxConfig: "local" };
      </script>
      <script src="https://cdn.plot.ly/plotly-2.9.0.min.js"></script>
      <div
        id="1f119b98-a394-4924-bb30-7c21e2673f7c"
        class="plotly-graph-div"
        style="height: 100%; width: 100%"
      ></div>
      <script type="text/javascript">
        window.PLOTLYENV = window.PLOTLYENV || {};
        if (document.getElementById("1f119b98-a394-4924-bb30-7c21e2673f7c")) {
          Plotly.newPlot(
            "1f119b98-a394-4924-bb30-7c21e2673f7c",
            [
              {
                coloraxis: "coloraxis",
                name: "0",
                x: [
                  "ADA",
                  "BTC",
                  "DOGE",
                  "ETH",
                  "SOL",
                  "AAPL",
                  "AMZN",
                  "FB",
                  "JPM",
                  "TSLA",
                ],
                y: [
                  "ADA",
                  "BTC",
                  "DOGE",
                  "ETH",
                  "SOL",
                  "AAPL",
                  "AMZN",
                  "FB",
                  "JPM",
                  "TSLA",
                ],
                z: [
                  [
                    1.0, 6.0812798109809e-44, 7.7304935033219565e-31,
                    4.213709443765942e-59, 6.500491499171423e-14,
                    0.08192662350172049, 0.3621116565462152,
                    0.35187736215646515, 0.015266820588764074,
                    0.4745959253229683,
                  ],
                  [
                    6.0812798109809e-44, 1.0, 1.3115422510856776e-22,
                    2.143971764590119e-89, 1.7966452012061578e-10,
                    0.06625364889057801, 0.27157189912986923,
                    0.25716997085039056, 0.06767875814516547,
                    0.017081633351928735,
                  ],
                  [
                    7.7304935033219565e-31, 1.3115422510856776e-22, 1.0,
                    2.3676982888839375e-30, 1.1592077387063562e-6,
                    0.8161916212940804, 0.8911359269816557, 0.44711112421576943,
                    0.22042528076825388, 0.833933457901266,
                  ],
                  [
                    4.213709443765942e-59, 2.143971764590119e-89,
                    2.3676982888839375e-30, 1.0, 2.3445429547195565e-28,
                    0.1459285439730454, 0.9755071016198086, 0.9951526487750564,
                    0.35215444259853695, 0.05239054023521918,
                  ],
                  [
                    6.500491499171423e-14, 1.7966452012061578e-10,
                    1.1592077387063562e-6, 2.3445429547195565e-28, 1.0,
                    0.0015861384344494746, 0.14385257636964374,
                    0.2067276037051465, 0.27482770202916407,
                    0.0005750617963205816,
                  ],
                  [
                    0.08192662350172049, 0.06625364889057801,
                    0.8161916212940804, 0.1459285439730454,
                    0.0015861384344494746, 1.0, 1.1473017734248349e-52,
                    6.6551138533862165e-34, 0.0014038043419787529,
                    3.609749826448379e-25,
                  ],
                  [
                    0.3621116565462152, 0.27157189912986923, 0.8911359269816557,
                    0.9755071016198086, 0.14385257636964374,
                    1.1473017734248349e-52, 1.0, 6.679028089817442e-48,
                    0.5602333101964527, 5.980280450397858e-18,
                  ],
                  [
                    0.35187736215646515, 0.25716997085039056,
                    0.44711112421576943, 0.9951526487750564, 0.2067276037051465,
                    6.6551138533862165e-34, 6.679028089817442e-48, 1.0,
                    0.008280722572982319, 1.291995749852773e-17,
                  ],
                  [
                    0.015266820588764074, 0.06767875814516547,
                    0.22042528076825388, 0.35215444259853695,
                    0.27482770202916407, 0.0014038043419787529,
                    0.5602333101964527, 0.008280722572982319, 1.0,
                    0.08533091350875704,
                  ],
                  [
                    0.4745959253229683, 0.017081633351928735, 0.833933457901266,
                    0.05239054023521918, 0.0005750617963205816,
                    3.609749826448379e-25, 5.980280450397858e-18,
                    1.291995749852773e-17, 0.08533091350875704, 1.0,
                  ],
                ],
                type: "heatmap",
                xaxis: "x",
                yaxis: "y",
                hovertemplate:
                  "x: %{x}<br>y: %{y}<br>color: %{z}<extra></extra>",
              },
            ],
            {
              template: {
                data: {
                  bar: [
                    {
                      error_x: { color: "#2a3f5f" },
                      error_y: { color: "#2a3f5f" },
                      marker: {
                        line: { color: "#E5ECF6", width: 0.5 },
                        pattern: {
                          fillmode: "overlay",
                          size: 10,
                          solidity: 0.2,
                        },
                      },
                      type: "bar",
                    },
                  ],
                  barpolar: [
                    {
                      marker: {
                        line: { color: "#E5ECF6", width: 0.5 },
                        pattern: {
                          fillmode: "overlay",
                          size: 10,
                          solidity: 0.2,
                        },
                      },
                      type: "barpolar",
                    },
                  ],
                  carpet: [
                    {
                      aaxis: {
                        endlinecolor: "#2a3f5f",
                        gridcolor: "white",
                        linecolor: "white",
                        minorgridcolor: "white",
                        startlinecolor: "#2a3f5f",
                      },
                      baxis: {
                        endlinecolor: "#2a3f5f",
                        gridcolor: "white",
                        linecolor: "white",
                        minorgridcolor: "white",
                        startlinecolor: "#2a3f5f",
                      },
                      type: "carpet",
                    },
                  ],
                  choropleth: [
                    {
                      colorbar: { outlinewidth: 0, ticks: "" },
                      type: "choropleth",
                    },
                  ],
                  contour: [
                    {
                      colorbar: { outlinewidth: 0, ticks: "" },
                      colorscale: [
                        [0.0, "#0d0887"],
                        [0.1111111111111111, "#46039f"],
                        [0.2222222222222222, "#7201a8"],
                        [0.3333333333333333, "#9c179e"],
                        [0.4444444444444444, "#bd3786"],
                        [0.5555555555555556, "#d8576b"],
                        [0.6666666666666666, "#ed7953"],
                        [0.7777777777777778, "#fb9f3a"],
                        [0.8888888888888888, "#fdca26"],
                        [1.0, "#f0f921"],
                      ],
                      type: "contour",
                    },
                  ],
                  contourcarpet: [
                    {
                      colorbar: { outlinewidth: 0, ticks: "" },
                      type: "contourcarpet",
                    },
                  ],
                  heatmap: [
                    {
                      colorbar: { outlinewidth: 0, ticks: "" },
                      colorscale: [
                        [0.0, "#0d0887"],
                        [0.1111111111111111, "#46039f"],
                        [0.2222222222222222, "#7201a8"],
                        [0.3333333333333333, "#9c179e"],
                        [0.4444444444444444, "#bd3786"],
                        [0.5555555555555556, "#d8576b"],
                        [0.6666666666666666, "#ed7953"],
                        [0.7777777777777778, "#fb9f3a"],
                        [0.8888888888888888, "#fdca26"],
                        [1.0, "#f0f921"],
                      ],
                      type: "heatmap",
                    },
                  ],
                  heatmapgl: [
                    {
                      colorbar: { outlinewidth: 0, ticks: "" },
                      colorscale: [
                        [0.0, "#0d0887"],
                        [0.1111111111111111, "#46039f"],
                        [0.2222222222222222, "#7201a8"],
                        [0.3333333333333333, "#9c179e"],
                        [0.4444444444444444, "#bd3786"],
                        [0.5555555555555556, "#d8576b"],
                        [0.6666666666666666, "#ed7953"],
                        [0.7777777777777778, "#fb9f3a"],
                        [0.8888888888888888, "#fdca26"],
                        [1.0, "#f0f921"],
                      ],
                      type: "heatmapgl",
                    },
                  ],
                  histogram: [
                    {
                      marker: {
                        pattern: {
                          fillmode: "overlay",
                          size: 10,
                          solidity: 0.2,
                        },
                      },
                      type: "histogram",
                    },
                  ],
                  histogram2d: [
                    {
                      colorbar: { outlinewidth: 0, ticks: "" },
                      colorscale: [
                        [0.0, "#0d0887"],
                        [0.1111111111111111, "#46039f"],
                        [0.2222222222222222, "#7201a8"],
                        [0.3333333333333333, "#9c179e"],
                        [0.4444444444444444, "#bd3786"],
                        [0.5555555555555556, "#d8576b"],
                        [0.6666666666666666, "#ed7953"],
                        [0.7777777777777778, "#fb9f3a"],
                        [0.8888888888888888, "#fdca26"],
                        [1.0, "#f0f921"],
                      ],
                      type: "histogram2d",
                    },
                  ],
                  histogram2dcontour: [
                    {
                      colorbar: { outlinewidth: 0, ticks: "" },
                      colorscale: [
                        [0.0, "#0d0887"],
                        [0.1111111111111111, "#46039f"],
                        [0.2222222222222222, "#7201a8"],
                        [0.3333333333333333, "#9c179e"],
                        [0.4444444444444444, "#bd3786"],
                        [0.5555555555555556, "#d8576b"],
                        [0.6666666666666666, "#ed7953"],
                        [0.7777777777777778, "#fb9f3a"],
                        [0.8888888888888888, "#fdca26"],
                        [1.0, "#f0f921"],
                      ],
                      type: "histogram2dcontour",
                    },
                  ],
                  mesh3d: [
                    {
                      colorbar: { outlinewidth: 0, ticks: "" },
                      type: "mesh3d",
                    },
                  ],
                  parcoords: [
                    {
                      line: { colorbar: { outlinewidth: 0, ticks: "" } },
                      type: "parcoords",
                    },
                  ],
                  pie: [{ automargin: true, type: "pie" }],
                  scatter: [
                    {
                      marker: { colorbar: { outlinewidth: 0, ticks: "" } },
                      type: "scatter",
                    },
                  ],
                  scatter3d: [
                    {
                      line: { colorbar: { outlinewidth: 0, ticks: "" } },
                      marker: { colorbar: { outlinewidth: 0, ticks: "" } },
                      type: "scatter3d",
                    },
                  ],
                  scattercarpet: [
                    {
                      marker: { colorbar: { outlinewidth: 0, ticks: "" } },
                      type: "scattercarpet",
                    },
                  ],
                  scattergeo: [
                    {
                      marker: { colorbar: { outlinewidth: 0, ticks: "" } },
                      type: "scattergeo",
                    },
                  ],
                  scattergl: [
                    {
                      marker: { colorbar: { outlinewidth: 0, ticks: "" } },
                      type: "scattergl",
                    },
                  ],
                  scattermapbox: [
                    {
                      marker: { colorbar: { outlinewidth: 0, ticks: "" } },
                      type: "scattermapbox",
                    },
                  ],
                  scatterpolar: [
                    {
                      marker: { colorbar: { outlinewidth: 0, ticks: "" } },
                      type: "scatterpolar",
                    },
                  ],
                  scatterpolargl: [
                    {
                      marker: { colorbar: { outlinewidth: 0, ticks: "" } },
                      type: "scatterpolargl",
                    },
                  ],
                  scatterternary: [
                    {
                      marker: { colorbar: { outlinewidth: 0, ticks: "" } },
                      type: "scatterternary",
                    },
                  ],
                  surface: [
                    {
                      colorbar: { outlinewidth: 0, ticks: "" },
                      colorscale: [
                        [0.0, "#0d0887"],
                        [0.1111111111111111, "#46039f"],
                        [0.2222222222222222, "#7201a8"],
                        [0.3333333333333333, "#9c179e"],
                        [0.4444444444444444, "#bd3786"],
                        [0.5555555555555556, "#d8576b"],
                        [0.6666666666666666, "#ed7953"],
                        [0.7777777777777778, "#fb9f3a"],
                        [0.8888888888888888, "#fdca26"],
                        [1.0, "#f0f921"],
                      ],
                      type: "surface",
                    },
                  ],
                  table: [
                    {
                      cells: {
                        fill: { color: "#EBF0F8" },
                        line: { color: "white" },
                      },
                      header: {
                        fill: { color: "#C8D4E3" },
                        line: { color: "white" },
                      },
                      type: "table",
                    },
                  ],
                },
                layout: {
                  annotationdefaults: {
                    arrowcolor: "#2a3f5f",
                    arrowhead: 0,
                    arrowwidth: 1,
                  },
                  autotypenumbers: "strict",
                  coloraxis: { colorbar: { outlinewidth: 0, ticks: "" } },
                  colorscale: {
                    diverging: [
                      [0, "#8e0152"],
                      [0.1, "#c51b7d"],
                      [0.2, "#de77ae"],
                      [0.3, "#f1b6da"],
                      [0.4, "#fde0ef"],
                      [0.5, "#f7f7f7"],
                      [0.6, "#e6f5d0"],
                      [0.7, "#b8e186"],
                      [0.8, "#7fbc41"],
                      [0.9, "#4d9221"],
                      [1, "#276419"],
                    ],
                    sequential: [
                      [0.0, "#0d0887"],
                      [0.1111111111111111, "#46039f"],
                      [0.2222222222222222, "#7201a8"],
                      [0.3333333333333333, "#9c179e"],
                      [0.4444444444444444, "#bd3786"],
                      [0.5555555555555556, "#d8576b"],
                      [0.6666666666666666, "#ed7953"],
                      [0.7777777777777778, "#fb9f3a"],
                      [0.8888888888888888, "#fdca26"],
                      [1.0, "#f0f921"],
                    ],
                    sequentialminus: [
                      [0.0, "#0d0887"],
                      [0.1111111111111111, "#46039f"],
                      [0.2222222222222222, "#7201a8"],
                      [0.3333333333333333, "#9c179e"],
                      [0.4444444444444444, "#bd3786"],
                      [0.5555555555555556, "#d8576b"],
                      [0.6666666666666666, "#ed7953"],
                      [0.7777777777777778, "#fb9f3a"],
                      [0.8888888888888888, "#fdca26"],
                      [1.0, "#f0f921"],
                    ],
                  },
                  colorway: [
                    "#636efa",
                    "#EF553B",
                    "#00cc96",
                    "#ab63fa",
                    "#FFA15A",
                    "#19d3f3",
                    "#FF6692",
                    "#B6E880",
                    "#FF97FF",
                    "#FECB52",
                  ],
                  font: { color: "#2a3f5f" },
                  geo: {
                    bgcolor: "white",
                    lakecolor: "white",
                    landcolor: "#E5ECF6",
                    showlakes: true,
                    showland: true,
                    subunitcolor: "white",
                  },
                  hoverlabel: { align: "left" },
                  hovermode: "closest",
                  mapbox: { style: "light" },
                  paper_bgcolor: "white",
                  plot_bgcolor: "#E5ECF6",
                  polar: {
                    angularaxis: {
                      gridcolor: "white",
                      linecolor: "white",
                      ticks: "",
                    },
                    bgcolor: "#E5ECF6",
                    radialaxis: {
                      gridcolor: "white",
                      linecolor: "white",
                      ticks: "",
                    },
                  },
                  scene: {
                    xaxis: {
                      backgroundcolor: "#E5ECF6",
                      gridcolor: "white",
                      gridwidth: 2,
                      linecolor: "white",
                      showbackground: true,
                      ticks: "",
                      zerolinecolor: "white",
                    },
                    yaxis: {
                      backgroundcolor: "#E5ECF6",
                      gridcolor: "white",
                      gridwidth: 2,
                      linecolor: "white",
                      showbackground: true,
                      ticks: "",
                      zerolinecolor: "white",
                    },
                    zaxis: {
                      backgroundcolor: "#E5ECF6",
                      gridcolor: "white",
                      gridwidth: 2,
                      linecolor: "white",
                      showbackground: true,
                      ticks: "",
                      zerolinecolor: "white",
                    },
                  },
                  shapedefaults: { line: { color: "#2a3f5f" } },
                  ternary: {
                    aaxis: {
                      gridcolor: "white",
                      linecolor: "white",
                      ticks: "",
                    },
                    baxis: {
                      gridcolor: "white",
                      linecolor: "white",
                      ticks: "",
                    },
                    bgcolor: "#E5ECF6",
                    caxis: {
                      gridcolor: "white",
                      linecolor: "white",
                      ticks: "",
                    },
                  },
                  title: { x: 0.05 },
                  xaxis: {
                    automargin: true,
                    gridcolor: "white",
                    linecolor: "white",
                    ticks: "",
                    title: { standoff: 15 },
                    zerolinecolor: "white",
                    zerolinewidth: 2,
                  },
                  yaxis: {
                    automargin: true,
                    gridcolor: "white",
                    linecolor: "white",
                    ticks: "",
                    title: { standoff: 15 },
                    zerolinecolor: "white",
                    zerolinewidth: 2,
                  },
                },
              },
              xaxis: {
                anchor: "y",
                domain: [0.0, 1.0],
                scaleanchor: "y",
                constrain: "domain",
              },
              yaxis: {
                anchor: "x",
                domain: [0.0, 1.0],
                autorange: "reversed",
                constrain: "domain",
              },
              coloraxis: {
                colorscale: [
                  [0.0, "#0d0887"],
                  [0.1111111111111111, "#46039f"],
                  [0.2222222222222222, "#7201a8"],
                  [0.3333333333333333, "#9c179e"],
                  [0.4444444444444444, "#bd3786"],
                  [0.5555555555555556, "#d8576b"],
                  [0.6666666666666666, "#ed7953"],
                  [0.7777777777777778, "#fb9f3a"],
                  [0.8888888888888888, "#fdca26"],
                  [1.0, "#f0f921"],
                ],
                cmin: 0,
                cmax: 0.1,
              },
              margin: { t: 60 },
            },
            { responsive: true }
          );
        }
      </script>
    </div>
  </body>
</html>
