<html>
  <head>
    <meta charset="utf-8" />
  </head>
  <body>
    <div>
      <script type="text/javascript">
        window.PlotlyConfig = { MathJaxConfig: "local" };
      </script>
      <script src="https://cdn.plot.ly/plotly-2.9.0.min.js"></script>
      <div
        id="e102addd-debd-449c-89fd-45a59cbe5dd9"
        class="plotly-graph-div"
        style="height: 100%; width: 100%"
      ></div>
      <script type="text/javascript">
        window.PLOTLYENV = window.PLOTLYENV || {};
        if (document.getElementById("e102addd-debd-449c-89fd-45a59cbe5dd9")) {
          Plotly.newPlot(
            "e102addd-debd-449c-89fd-45a59cbe5dd9",
            [
              {
                coloraxis: "coloraxis",
                name: "0",
                x: [
                  "ADA",
                  "BTC",
                  "DOGE",
                  "ETH",
                  "SOL",
                  "AAPL",
                  "AMZN",
                  "FB",
                  "JPM",
                  "TSLA",
                ],
                y: [
                  "ADA",
                  "BTC",
                  "DOGE",
                  "ETH",
                  "SOL",
                  "AAPL",
                  "AMZN",
                  "FB",
                  "JPM",
                  "TSLA",
                ],
                z: [
                  [
                    1.0, 3.861699279542639e-47, 3.6289184299458e-15,
                    4.823564217189932e-49, 3.687792970563626e-20,
                    0.5922126343050378, 0.0006813263667505618,
                    0.024328841585513072, 0.9817267952049472,
                    0.30912302431745425,
                  ],
                  [
                    3.861699279542639e-47, 1.0, 1.0216935508418862e-13,
                    3.460941508202386e-52, 2.5970500544313335e-12,
                    0.026273923839283325, 0.036297216723235694,
                    0.7142862305343061, 0.0022274659037699296,
                    8.951942689380076e-6,
                  ],
                  [
                    3.6289184299458e-15, 1.0216935508418862e-13, 1.0,
                    1.6921343392957486e-13, 8.379692237668865e-6,
                    0.17900587848581015, 0.09177171815557766,
                    0.07071911414520134, 0.044933456494317445,
                    0.34767486905016937,
                  ],
                  [
                    4.823564217189932e-49, 3.460941508202386e-52,
                    1.6921343392957486e-13, 1.0, 1.6201933443343758e-32,
                    0.7568770966080433, 0.1287768400733097, 0.6473114322395804,
                    0.018695654002508718, 0.04319622200711348,
                  ],
                  [
                    3.687792970563626e-20, 2.5970500544313335e-12,
                    8.379692237668865e-6, 1.6201933443343758e-32, 1.0,
                    0.004482716519447041, 0.8173729680409052,
                    0.48909731462620915, 0.2773063572241969,
                    0.0070871520298024585,
                  ],
                  [
                    0.5922126343050378, 0.026273923839283325,
                    0.17900587848581015, 0.7568770966080433,
                    0.004482716519447041, 1.0, 2.6902640558316044e-8,
                    7.397194639084293e-5, 0.003108668973447655,
                    4.7038407283087455e-15,
                  ],
                  [
                    0.0006813263667505618, 0.036297216723235694,
                    0.09177171815557766, 0.1287768400733097, 0.8173729680409052,
                    2.6902640558316044e-8, 1.0, 1.7002484672340692e-41,
                    0.001049279170454056, 1.4479538276838568e-7,
                  ],
                  [
                    0.024328841585513072, 0.7142862305343061,
                    0.07071911414520134, 0.6473114322395804,
                    0.48909731462620915, 7.397194639084293e-5,
                    1.7002484672340692e-41, 1.0, 0.0033455556560784594,
                    0.2921683514998264,
                  ],
                  [
                    0.9817267952049472, 0.0022274659037699296,
                    0.044933456494317445, 0.018695654002508718,
                    0.2773063572241969, 0.003108668973447655,
                    0.001049279170454056, 0.0033455556560784594, 1.0,
                    0.040853121018089786,
                  ],
                  [
                    0.30912302431745425, 8.951942689380076e-6,
                    0.34767486905016937, 0.04319622200711348,
                    0.0070871520298024585, 4.7038407283087455e-15,
                    1.4479538276838568e-7, 0.2921683514998264,
                    0.040853121018089786, 1.0,
                  ],
                ],
                type: "heatmap",
                xaxis: "x",
                yaxis: "y",
                hovertemplate:
                  "x: %{x}<br>y: %{y}<br>color: %{z}<extra></extra>",
              },
            ],
            {
              template: {
                data: {
                  bar: [
                    {
                      error_x: { color: "#2a3f5f" },
                      error_y: { color: "#2a3f5f" },
                      marker: {
                        line: { color: "#E5ECF6", width: 0.5 },
                        pattern: {
                          fillmode: "overlay",
                          size: 10,
                          solidity: 0.2,
                        },
                      },
                      type: "bar",
                    },
                  ],
                  barpolar: [
                    {
                      marker: {
                        line: { color: "#E5ECF6", width: 0.5 },
                        pattern: {
                          fillmode: "overlay",
                          size: 10,
                          solidity: 0.2,
                        },
                      },
                      type: "barpolar",
                    },
                  ],
                  carpet: [
                    {
                      aaxis: {
                        endlinecolor: "#2a3f5f",
                        gridcolor: "white",
                        linecolor: "white",
                        minorgridcolor: "white",
                        startlinecolor: "#2a3f5f",
                      },
                      baxis: {
                        endlinecolor: "#2a3f5f",
                        gridcolor: "white",
                        linecolor: "white",
                        minorgridcolor: "white",
                        startlinecolor: "#2a3f5f",
                      },
                      type: "carpet",
                    },
                  ],
                  choropleth: [
                    {
                      colorbar: { outlinewidth: 0, ticks: "" },
                      type: "choropleth",
                    },
                  ],
                  contour: [
                    {
                      colorbar: { outlinewidth: 0, ticks: "" },
                      colorscale: [
                        [0.0, "#0d0887"],
                        [0.1111111111111111, "#46039f"],
                        [0.2222222222222222, "#7201a8"],
                        [0.3333333333333333, "#9c179e"],
                        [0.4444444444444444, "#bd3786"],
                        [0.5555555555555556, "#d8576b"],
                        [0.6666666666666666, "#ed7953"],
                        [0.7777777777777778, "#fb9f3a"],
                        [0.8888888888888888, "#fdca26"],
                        [1.0, "#f0f921"],
                      ],
                      type: "contour",
                    },
                  ],
                  contourcarpet: [
                    {
                      colorbar: { outlinewidth: 0, ticks: "" },
                      type: "contourcarpet",
                    },
                  ],
                  heatmap: [
                    {
                      colorbar: { outlinewidth: 0, ticks: "" },
                      colorscale: [
                        [0.0, "#0d0887"],
                        [0.1111111111111111, "#46039f"],
                        [0.2222222222222222, "#7201a8"],
                        [0.3333333333333333, "#9c179e"],
                        [0.4444444444444444, "#bd3786"],
                        [0.5555555555555556, "#d8576b"],
                        [0.6666666666666666, "#ed7953"],
                        [0.7777777777777778, "#fb9f3a"],
                        [0.8888888888888888, "#fdca26"],
                        [1.0, "#f0f921"],
                      ],
                      type: "heatmap",
                    },
                  ],
                  heatmapgl: [
                    {
                      colorbar: { outlinewidth: 0, ticks: "" },
                      colorscale: [
                        [0.0, "#0d0887"],
                        [0.1111111111111111, "#46039f"],
                        [0.2222222222222222, "#7201a8"],
                        [0.3333333333333333, "#9c179e"],
                        [0.4444444444444444, "#bd3786"],
                        [0.5555555555555556, "#d8576b"],
                        [0.6666666666666666, "#ed7953"],
                        [0.7777777777777778, "#fb9f3a"],
                        [0.8888888888888888, "#fdca26"],
                        [1.0, "#f0f921"],
                      ],
                      type: "heatmapgl",
                    },
                  ],
                  histogram: [
                    {
                      marker: {
                        pattern: {
                          fillmode: "overlay",
                          size: 10,
                          solidity: 0.2,
                        },
                      },
                      type: "histogram",
                    },
                  ],
                  histogram2d: [
                    {
                      colorbar: { outlinewidth: 0, ticks: "" },
                      colorscale: [
                        [0.0, "#0d0887"],
                        [0.1111111111111111, "#46039f"],
                        [0.2222222222222222, "#7201a8"],
                        [0.3333333333333333, "#9c179e"],
                        [0.4444444444444444, "#bd3786"],
                        [0.5555555555555556, "#d8576b"],
                        [0.6666666666666666, "#ed7953"],
                        [0.7777777777777778, "#fb9f3a"],
                        [0.8888888888888888, "#fdca26"],
                        [1.0, "#f0f921"],
                      ],
                      type: "histogram2d",
                    },
                  ],
                  histogram2dcontour: [
                    {
                      colorbar: { outlinewidth: 0, ticks: "" },
                      colorscale: [
                        [0.0, "#0d0887"],
                        [0.1111111111111111, "#46039f"],
                        [0.2222222222222222, "#7201a8"],
                        [0.3333333333333333, "#9c179e"],
                        [0.4444444444444444, "#bd3786"],
                        [0.5555555555555556, "#d8576b"],
                        [0.6666666666666666, "#ed7953"],
                        [0.7777777777777778, "#fb9f3a"],
                        [0.8888888888888888, "#fdca26"],
                        [1.0, "#f0f921"],
                      ],
                      type: "histogram2dcontour",
                    },
                  ],
                  mesh3d: [
                    {
                      colorbar: { outlinewidth: 0, ticks: "" },
                      type: "mesh3d",
                    },
                  ],
                  parcoords: [
                    {
                      line: { colorbar: { outlinewidth: 0, ticks: "" } },
                      type: "parcoords",
                    },
                  ],
                  pie: [{ automargin: true, type: "pie" }],
                  scatter: [
                    {
                      marker: { colorbar: { outlinewidth: 0, ticks: "" } },
                      type: "scatter",
                    },
                  ],
                  scatter3d: [
                    {
                      line: { colorbar: { outlinewidth: 0, ticks: "" } },
                      marker: { colorbar: { outlinewidth: 0, ticks: "" } },
                      type: "scatter3d",
                    },
                  ],
                  scattercarpet: [
                    {
                      marker: { colorbar: { outlinewidth: 0, ticks: "" } },
                      type: "scattercarpet",
                    },
                  ],
                  scattergeo: [
                    {
                      marker: { colorbar: { outlinewidth: 0, ticks: "" } },
                      type: "scattergeo",
                    },
                  ],
                  scattergl: [
                    {
                      marker: { colorbar: { outlinewidth: 0, ticks: "" } },
                      type: "scattergl",
                    },
                  ],
                  scattermapbox: [
                    {
                      marker: { colorbar: { outlinewidth: 0, ticks: "" } },
                      type: "scattermapbox",
                    },
                  ],
                  scatterpolar: [
                    {
                      marker: { colorbar: { outlinewidth: 0, ticks: "" } },
                      type: "scatterpolar",
                    },
                  ],
                  scatterpolargl: [
                    {
                      marker: { colorbar: { outlinewidth: 0, ticks: "" } },
                      type: "scatterpolargl",
                    },
                  ],
                  scatterternary: [
                    {
                      marker: { colorbar: { outlinewidth: 0, ticks: "" } },
                      type: "scatterternary",
                    },
                  ],
                  surface: [
                    {
                      colorbar: { outlinewidth: 0, ticks: "" },
                      colorscale: [
                        [0.0, "#0d0887"],
                        [0.1111111111111111, "#46039f"],
                        [0.2222222222222222, "#7201a8"],
                        [0.3333333333333333, "#9c179e"],
                        [0.4444444444444444, "#bd3786"],
                        [0.5555555555555556, "#d8576b"],
                        [0.6666666666666666, "#ed7953"],
                        [0.7777777777777778, "#fb9f3a"],
                        [0.8888888888888888, "#fdca26"],
                        [1.0, "#f0f921"],
                      ],
                      type: "surface",
                    },
                  ],
                  table: [
                    {
                      cells: {
                        fill: { color: "#EBF0F8" },
                        line: { color: "white" },
                      },
                      header: {
                        fill: { color: "#C8D4E3" },
                        line: { color: "white" },
                      },
                      type: "table",
                    },
                  ],
                },
                layout: {
                  annotationdefaults: {
                    arrowcolor: "#2a3f5f",
                    arrowhead: 0,
                    arrowwidth: 1,
                  },
                  autotypenumbers: "strict",
                  coloraxis: { colorbar: { outlinewidth: 0, ticks: "" } },
                  colorscale: {
                    diverging: [
                      [0, "#8e0152"],
                      [0.1, "#c51b7d"],
                      [0.2, "#de77ae"],
                      [0.3, "#f1b6da"],
                      [0.4, "#fde0ef"],
                      [0.5, "#f7f7f7"],
                      [0.6, "#e6f5d0"],
                      [0.7, "#b8e186"],
                      [0.8, "#7fbc41"],
                      [0.9, "#4d9221"],
                      [1, "#276419"],
                    ],
                    sequential: [
                      [0.0, "#0d0887"],
                      [0.1111111111111111, "#46039f"],
                      [0.2222222222222222, "#7201a8"],
                      [0.3333333333333333, "#9c179e"],
                      [0.4444444444444444, "#bd3786"],
                      [0.5555555555555556, "#d8576b"],
                      [0.6666666666666666, "#ed7953"],
                      [0.7777777777777778, "#fb9f3a"],
                      [0.8888888888888888, "#fdca26"],
                      [1.0, "#f0f921"],
                    ],
                    sequentialminus: [
                      [0.0, "#0d0887"],
                      [0.1111111111111111, "#46039f"],
                      [0.2222222222222222, "#7201a8"],
                      [0.3333333333333333, "#9c179e"],
                      [0.4444444444444444, "#bd3786"],
                      [0.5555555555555556, "#d8576b"],
                      [0.6666666666666666, "#ed7953"],
                      [0.7777777777777778, "#fb9f3a"],
                      [0.8888888888888888, "#fdca26"],
                      [1.0, "#f0f921"],
                    ],
                  },
                  colorway: [
                    "#636efa",
                    "#EF553B",
                    "#00cc96",
                    "#ab63fa",
                    "#FFA15A",
                    "#19d3f3",
                    "#FF6692",
                    "#B6E880",
                    "#FF97FF",
                    "#FECB52",
                  ],
                  font: { color: "#2a3f5f" },
                  geo: {
                    bgcolor: "white",
                    lakecolor: "white",
                    landcolor: "#E5ECF6",
                    showlakes: true,
                    showland: true,
                    subunitcolor: "white",
                  },
                  hoverlabel: { align: "left" },
                  hovermode: "closest",
                  mapbox: { style: "light" },
                  paper_bgcolor: "white",
                  plot_bgcolor: "#E5ECF6",
                  polar: {
                    angularaxis: {
                      gridcolor: "white",
                      linecolor: "white",
                      ticks: "",
                    },
                    bgcolor: "#E5ECF6",
                    radialaxis: {
                      gridcolor: "white",
                      linecolor: "white",
                      ticks: "",
                    },
                  },
                  scene: {
                    xaxis: {
                      backgroundcolor: "#E5ECF6",
                      gridcolor: "white",
                      gridwidth: 2,
                      linecolor: "white",
                      showbackground: true,
                      ticks: "",
                      zerolinecolor: "white",
                    },
                    yaxis: {
                      backgroundcolor: "#E5ECF6",
                      gridcolor: "white",
                      gridwidth: 2,
                      linecolor: "white",
                      showbackground: true,
                      ticks: "",
                      zerolinecolor: "white",
                    },
                    zaxis: {
                      backgroundcolor: "#E5ECF6",
                      gridcolor: "white",
                      gridwidth: 2,
                      linecolor: "white",
                      showbackground: true,
                      ticks: "",
                      zerolinecolor: "white",
                    },
                  },
                  shapedefaults: { line: { color: "#2a3f5f" } },
                  ternary: {
                    aaxis: {
                      gridcolor: "white",
                      linecolor: "white",
                      ticks: "",
                    },
                    baxis: {
                      gridcolor: "white",
                      linecolor: "white",
                      ticks: "",
                    },
                    bgcolor: "#E5ECF6",
                    caxis: {
                      gridcolor: "white",
                      linecolor: "white",
                      ticks: "",
                    },
                  },
                  title: { x: 0.05 },
                  xaxis: {
                    automargin: true,
                    gridcolor: "white",
                    linecolor: "white",
                    ticks: "",
                    title: { standoff: 15 },
                    zerolinecolor: "white",
                    zerolinewidth: 2,
                  },
                  yaxis: {
                    automargin: true,
                    gridcolor: "white",
                    linecolor: "white",
                    ticks: "",
                    title: { standoff: 15 },
                    zerolinecolor: "white",
                    zerolinewidth: 2,
                  },
                },
              },
              xaxis: {
                anchor: "y",
                domain: [0.0, 1.0],
                scaleanchor: "y",
                constrain: "domain",
              },
              yaxis: {
                anchor: "x",
                domain: [0.0, 1.0],
                autorange: "reversed",
                constrain: "domain",
              },
              coloraxis: {
                colorscale: [
                  [0.0, "#0d0887"],
                  [0.1111111111111111, "#46039f"],
                  [0.2222222222222222, "#7201a8"],
                  [0.3333333333333333, "#9c179e"],
                  [0.4444444444444444, "#bd3786"],
                  [0.5555555555555556, "#d8576b"],
                  [0.6666666666666666, "#ed7953"],
                  [0.7777777777777778, "#fb9f3a"],
                  [0.8888888888888888, "#fdca26"],
                  [1.0, "#f0f921"],
                ],
                cmin: 0,
                cmax: 0.1,
              },
              margin: { t: 60 },
            },
            { responsive: true }
          );
        }
      </script>
    </div>
  </body>
</html>
