<html>
  <head>
    <meta charset="utf-8" />
  </head>
  <body>
    <div>
      <script type="text/javascript">
        window.PlotlyConfig = { MathJaxConfig: "local" };
      </script>
      <script src="https://cdn.plot.ly/plotly-2.9.0.min.js"></script>
      <div
        id="21d8a3c2-ad93-4964-ad35-18953fac4ea6"
        class="plotly-graph-div"
        style="height: 100%; width: 100%"
      ></div>
      <script type="text/javascript">
        window.PLOTLYENV = window.PLOTLYENV || {};
        if (document.getElementById("21d8a3c2-ad93-4964-ad35-18953fac4ea6")) {
          Plotly.newPlot(
            "21d8a3c2-ad93-4964-ad35-18953fac4ea6",
            [
              {
                coloraxis: "coloraxis",
                name: "0",
                x: [
                  "ADA",
                  "BTC",
                  "DOGE",
                  "ETH",
                  "SOL",
                  "AAPL",
                  "AMZN",
                  "FB",
                  "JPM",
                  "TSLA",
                ],
                y: [
                  "ADA",
                  "BTC",
                  "DOGE",
                  "ETH",
                  "SOL",
                  "AAPL",
                  "AMZN",
                  "FB",
                  "JPM",
                  "TSLA",
                ],
                z: [
                  [
                    1.0, 2.6891015562521426e-55, 2.432169319967147e-27,
                    6.904029472283162e-66, 2.382597509149463e-12,
                    4.3269344104287493e-14, 2.7622231144221236e-10,
                    4.2118601676641214e-5, 1.0633543917876072e-9,
                    1.4087262014373407e-15,
                  ],
                  [
                    2.6891015562521426e-55, 1.0, 1.366296310355103e-23,
                    5.861541765142679e-125, 0.6224846202302793,
                    9.766049245866929e-5, 0.00033010413265359705,
                    0.0002619849142845653, 0.0073974608198965385,
                    0.011112814766666921,
                  ],
                  [
                    2.432169319967147e-27, 1.366296310355103e-23, 1.0,
                    2.0549258210781937e-44, 0.05157758777479817,
                    8.494728308159045e-6, 0.025121238590569698,
                    0.059949648055330026, 7.328101196898191e-5,
                    4.642733427879201e-6,
                  ],
                  [
                    6.904029472283162e-66, 5.861541765142679e-125,
                    2.0549258210781937e-44, 1.0, 0.014950386545912945,
                    2.06286034787321e-7, 0.0006383399879266206,
                    0.0004342021326990492, 1.6036446638573768e-6,
                    3.1530568058310695e-8,
                  ],
                  [
                    2.382597509149463e-12, 0.6224846202302793,
                    0.05157758777479817, 0.014950386545912945, 1.0,
                    3.557491716107905e-11, 1.535892648604264e-6,
                    0.48403896332607166, 1.3059275823723378e-10,
                    1.0546234434885937e-14,
                  ],
                  [
                    4.3269344104287493e-14, 9.766049245866929e-5,
                    8.494728308159045e-6, 2.06286034787321e-7,
                    3.557491716107905e-11, 1.0, 3.8062439605315156e-34,
                    1.2557818541354921e-5, 8.817182797737741e-26,
                    4.966398682515248e-43,
                  ],
                  [
                    2.7622231144221236e-10, 0.00033010413265359705,
                    0.025121238590569698, 0.0006383399879266206,
                    1.535892648604264e-6, 3.8062439605315156e-34, 1.0,
                    3.0521034818096135e-21, 1.874995737629577e-17,
                    2.994269151588095e-25,
                  ],
                  [
                    4.2118601676641214e-5, 0.0002619849142845653,
                    0.059949648055330026, 0.0004342021326990492,
                    0.48403896332607166, 1.2557818541354921e-5,
                    3.0521034818096135e-21, 1.0, 0.0008369622217425356,
                    0.06487976388096238,
                  ],
                  [
                    1.0633543917876072e-9, 0.0073974608198965385,
                    7.328101196898191e-5, 1.6036446638573768e-6,
                    1.3059275823723378e-10, 8.817182797737741e-26,
                    1.874995737629577e-17, 0.0008369622217425356, 1.0,
                    3.1974726766955206e-23,
                  ],
                  [
                    1.4087262014373407e-15, 0.011112814766666921,
                    4.642733427879201e-6, 3.1530568058310695e-8,
                    1.0546234434885937e-14, 4.966398682515248e-43,
                    2.994269151588095e-25, 0.06487976388096238,
                    3.1974726766955206e-23, 1.0,
                  ],
                ],
                type: "heatmap",
                xaxis: "x",
                yaxis: "y",
                hovertemplate:
                  "x: %{x}<br>y: %{y}<br>color: %{z}<extra></extra>",
              },
            ],
            {
              template: {
                data: {
                  bar: [
                    {
                      error_x: { color: "#2a3f5f" },
                      error_y: { color: "#2a3f5f" },
                      marker: {
                        line: { color: "#E5ECF6", width: 0.5 },
                        pattern: {
                          fillmode: "overlay",
                          size: 10,
                          solidity: 0.2,
                        },
                      },
                      type: "bar",
                    },
                  ],
                  barpolar: [
                    {
                      marker: {
                        line: { color: "#E5ECF6", width: 0.5 },
                        pattern: {
                          fillmode: "overlay",
                          size: 10,
                          solidity: 0.2,
                        },
                      },
                      type: "barpolar",
                    },
                  ],
                  carpet: [
                    {
                      aaxis: {
                        endlinecolor: "#2a3f5f",
                        gridcolor: "white",
                        linecolor: "white",
                        minorgridcolor: "white",
                        startlinecolor: "#2a3f5f",
                      },
                      baxis: {
                        endlinecolor: "#2a3f5f",
                        gridcolor: "white",
                        linecolor: "white",
                        minorgridcolor: "white",
                        startlinecolor: "#2a3f5f",
                      },
                      type: "carpet",
                    },
                  ],
                  choropleth: [
                    {
                      colorbar: { outlinewidth: 0, ticks: "" },
                      type: "choropleth",
                    },
                  ],
                  contour: [
                    {
                      colorbar: { outlinewidth: 0, ticks: "" },
                      colorscale: [
                        [0.0, "#0d0887"],
                        [0.1111111111111111, "#46039f"],
                        [0.2222222222222222, "#7201a8"],
                        [0.3333333333333333, "#9c179e"],
                        [0.4444444444444444, "#bd3786"],
                        [0.5555555555555556, "#d8576b"],
                        [0.6666666666666666, "#ed7953"],
                        [0.7777777777777778, "#fb9f3a"],
                        [0.8888888888888888, "#fdca26"],
                        [1.0, "#f0f921"],
                      ],
                      type: "contour",
                    },
                  ],
                  contourcarpet: [
                    {
                      colorbar: { outlinewidth: 0, ticks: "" },
                      type: "contourcarpet",
                    },
                  ],
                  heatmap: [
                    {
                      colorbar: { outlinewidth: 0, ticks: "" },
                      colorscale: [
                        [0.0, "#0d0887"],
                        [0.1111111111111111, "#46039f"],
                        [0.2222222222222222, "#7201a8"],
                        [0.3333333333333333, "#9c179e"],
                        [0.4444444444444444, "#bd3786"],
                        [0.5555555555555556, "#d8576b"],
                        [0.6666666666666666, "#ed7953"],
                        [0.7777777777777778, "#fb9f3a"],
                        [0.8888888888888888, "#fdca26"],
                        [1.0, "#f0f921"],
                      ],
                      type: "heatmap",
                    },
                  ],
                  heatmapgl: [
                    {
                      colorbar: { outlinewidth: 0, ticks: "" },
                      colorscale: [
                        [0.0, "#0d0887"],
                        [0.1111111111111111, "#46039f"],
                        [0.2222222222222222, "#7201a8"],
                        [0.3333333333333333, "#9c179e"],
                        [0.4444444444444444, "#bd3786"],
                        [0.5555555555555556, "#d8576b"],
                        [0.6666666666666666, "#ed7953"],
                        [0.7777777777777778, "#fb9f3a"],
                        [0.8888888888888888, "#fdca26"],
                        [1.0, "#f0f921"],
                      ],
                      type: "heatmapgl",
                    },
                  ],
                  histogram: [
                    {
                      marker: {
                        pattern: {
                          fillmode: "overlay",
                          size: 10,
                          solidity: 0.2,
                        },
                      },
                      type: "histogram",
                    },
                  ],
                  histogram2d: [
                    {
                      colorbar: { outlinewidth: 0, ticks: "" },
                      colorscale: [
                        [0.0, "#0d0887"],
                        [0.1111111111111111, "#46039f"],
                        [0.2222222222222222, "#7201a8"],
                        [0.3333333333333333, "#9c179e"],
                        [0.4444444444444444, "#bd3786"],
                        [0.5555555555555556, "#d8576b"],
                        [0.6666666666666666, "#ed7953"],
                        [0.7777777777777778, "#fb9f3a"],
                        [0.8888888888888888, "#fdca26"],
                        [1.0, "#f0f921"],
                      ],
                      type: "histogram2d",
                    },
                  ],
                  histogram2dcontour: [
                    {
                      colorbar: { outlinewidth: 0, ticks: "" },
                      colorscale: [
                        [0.0, "#0d0887"],
                        [0.1111111111111111, "#46039f"],
                        [0.2222222222222222, "#7201a8"],
                        [0.3333333333333333, "#9c179e"],
                        [0.4444444444444444, "#bd3786"],
                        [0.5555555555555556, "#d8576b"],
                        [0.6666666666666666, "#ed7953"],
                        [0.7777777777777778, "#fb9f3a"],
                        [0.8888888888888888, "#fdca26"],
                        [1.0, "#f0f921"],
                      ],
                      type: "histogram2dcontour",
                    },
                  ],
                  mesh3d: [
                    {
                      colorbar: { outlinewidth: 0, ticks: "" },
                      type: "mesh3d",
                    },
                  ],
                  parcoords: [
                    {
                      line: { colorbar: { outlinewidth: 0, ticks: "" } },
                      type: "parcoords",
                    },
                  ],
                  pie: [{ automargin: true, type: "pie" }],
                  scatter: [
                    {
                      marker: { colorbar: { outlinewidth: 0, ticks: "" } },
                      type: "scatter",
                    },
                  ],
                  scatter3d: [
                    {
                      line: { colorbar: { outlinewidth: 0, ticks: "" } },
                      marker: { colorbar: { outlinewidth: 0, ticks: "" } },
                      type: "scatter3d",
                    },
                  ],
                  scattercarpet: [
                    {
                      marker: { colorbar: { outlinewidth: 0, ticks: "" } },
                      type: "scattercarpet",
                    },
                  ],
                  scattergeo: [
                    {
                      marker: { colorbar: { outlinewidth: 0, ticks: "" } },
                      type: "scattergeo",
                    },
                  ],
                  scattergl: [
                    {
                      marker: { colorbar: { outlinewidth: 0, ticks: "" } },
                      type: "scattergl",
                    },
                  ],
                  scattermapbox: [
                    {
                      marker: { colorbar: { outlinewidth: 0, ticks: "" } },
                      type: "scattermapbox",
                    },
                  ],
                  scatterpolar: [
                    {
                      marker: { colorbar: { outlinewidth: 0, ticks: "" } },
                      type: "scatterpolar",
                    },
                  ],
                  scatterpolargl: [
                    {
                      marker: { colorbar: { outlinewidth: 0, ticks: "" } },
                      type: "scatterpolargl",
                    },
                  ],
                  scatterternary: [
                    {
                      marker: { colorbar: { outlinewidth: 0, ticks: "" } },
                      type: "scatterternary",
                    },
                  ],
                  surface: [
                    {
                      colorbar: { outlinewidth: 0, ticks: "" },
                      colorscale: [
                        [0.0, "#0d0887"],
                        [0.1111111111111111, "#46039f"],
                        [0.2222222222222222, "#7201a8"],
                        [0.3333333333333333, "#9c179e"],
                        [0.4444444444444444, "#bd3786"],
                        [0.5555555555555556, "#d8576b"],
                        [0.6666666666666666, "#ed7953"],
                        [0.7777777777777778, "#fb9f3a"],
                        [0.8888888888888888, "#fdca26"],
                        [1.0, "#f0f921"],
                      ],
                      type: "surface",
                    },
                  ],
                  table: [
                    {
                      cells: {
                        fill: { color: "#EBF0F8" },
                        line: { color: "white" },
                      },
                      header: {
                        fill: { color: "#C8D4E3" },
                        line: { color: "white" },
                      },
                      type: "table",
                    },
                  ],
                },
                layout: {
                  annotationdefaults: {
                    arrowcolor: "#2a3f5f",
                    arrowhead: 0,
                    arrowwidth: 1,
                  },
                  autotypenumbers: "strict",
                  coloraxis: { colorbar: { outlinewidth: 0, ticks: "" } },
                  colorscale: {
                    diverging: [
                      [0, "#8e0152"],
                      [0.1, "#c51b7d"],
                      [0.2, "#de77ae"],
                      [0.3, "#f1b6da"],
                      [0.4, "#fde0ef"],
                      [0.5, "#f7f7f7"],
                      [0.6, "#e6f5d0"],
                      [0.7, "#b8e186"],
                      [0.8, "#7fbc41"],
                      [0.9, "#4d9221"],
                      [1, "#276419"],
                    ],
                    sequential: [
                      [0.0, "#0d0887"],
                      [0.1111111111111111, "#46039f"],
                      [0.2222222222222222, "#7201a8"],
                      [0.3333333333333333, "#9c179e"],
                      [0.4444444444444444, "#bd3786"],
                      [0.5555555555555556, "#d8576b"],
                      [0.6666666666666666, "#ed7953"],
                      [0.7777777777777778, "#fb9f3a"],
                      [0.8888888888888888, "#fdca26"],
                      [1.0, "#f0f921"],
                    ],
                    sequentialminus: [
                      [0.0, "#0d0887"],
                      [0.1111111111111111, "#46039f"],
                      [0.2222222222222222, "#7201a8"],
                      [0.3333333333333333, "#9c179e"],
                      [0.4444444444444444, "#bd3786"],
                      [0.5555555555555556, "#d8576b"],
                      [0.6666666666666666, "#ed7953"],
                      [0.7777777777777778, "#fb9f3a"],
                      [0.8888888888888888, "#fdca26"],
                      [1.0, "#f0f921"],
                    ],
                  },
                  colorway: [
                    "#636efa",
                    "#EF553B",
                    "#00cc96",
                    "#ab63fa",
                    "#FFA15A",
                    "#19d3f3",
                    "#FF6692",
                    "#B6E880",
                    "#FF97FF",
                    "#FECB52",
                  ],
                  font: { color: "#2a3f5f" },
                  geo: {
                    bgcolor: "white",
                    lakecolor: "white",
                    landcolor: "#E5ECF6",
                    showlakes: true,
                    showland: true,
                    subunitcolor: "white",
                  },
                  hoverlabel: { align: "left" },
                  hovermode: "closest",
                  mapbox: { style: "light" },
                  paper_bgcolor: "white",
                  plot_bgcolor: "#E5ECF6",
                  polar: {
                    angularaxis: {
                      gridcolor: "white",
                      linecolor: "white",
                      ticks: "",
                    },
                    bgcolor: "#E5ECF6",
                    radialaxis: {
                      gridcolor: "white",
                      linecolor: "white",
                      ticks: "",
                    },
                  },
                  scene: {
                    xaxis: {
                      backgroundcolor: "#E5ECF6",
                      gridcolor: "white",
                      gridwidth: 2,
                      linecolor: "white",
                      showbackground: true,
                      ticks: "",
                      zerolinecolor: "white",
                    },
                    yaxis: {
                      backgroundcolor: "#E5ECF6",
                      gridcolor: "white",
                      gridwidth: 2,
                      linecolor: "white",
                      showbackground: true,
                      ticks: "",
                      zerolinecolor: "white",
                    },
                    zaxis: {
                      backgroundcolor: "#E5ECF6",
                      gridcolor: "white",
                      gridwidth: 2,
                      linecolor: "white",
                      showbackground: true,
                      ticks: "",
                      zerolinecolor: "white",
                    },
                  },
                  shapedefaults: { line: { color: "#2a3f5f" } },
                  ternary: {
                    aaxis: {
                      gridcolor: "white",
                      linecolor: "white",
                      ticks: "",
                    },
                    baxis: {
                      gridcolor: "white",
                      linecolor: "white",
                      ticks: "",
                    },
                    bgcolor: "#E5ECF6",
                    caxis: {
                      gridcolor: "white",
                      linecolor: "white",
                      ticks: "",
                    },
                  },
                  title: { x: 0.05 },
                  xaxis: {
                    automargin: true,
                    gridcolor: "white",
                    linecolor: "white",
                    ticks: "",
                    title: { standoff: 15 },
                    zerolinecolor: "white",
                    zerolinewidth: 2,
                  },
                  yaxis: {
                    automargin: true,
                    gridcolor: "white",
                    linecolor: "white",
                    ticks: "",
                    title: { standoff: 15 },
                    zerolinecolor: "white",
                    zerolinewidth: 2,
                  },
                },
              },
              xaxis: {
                anchor: "y",
                domain: [0.0, 1.0],
                scaleanchor: "y",
                constrain: "domain",
              },
              yaxis: {
                anchor: "x",
                domain: [0.0, 1.0],
                autorange: "reversed",
                constrain: "domain",
              },
              coloraxis: {
                colorscale: [
                  [0.0, "#0d0887"],
                  [0.1111111111111111, "#46039f"],
                  [0.2222222222222222, "#7201a8"],
                  [0.3333333333333333, "#9c179e"],
                  [0.4444444444444444, "#bd3786"],
                  [0.5555555555555556, "#d8576b"],
                  [0.6666666666666666, "#ed7953"],
                  [0.7777777777777778, "#fb9f3a"],
                  [0.8888888888888888, "#fdca26"],
                  [1.0, "#f0f921"],
                ],
                cmin: 0,
                cmax: 0.1,
              },
              margin: { t: 60 },
            },
            { responsive: true }
          );
        }
      </script>
    </div>
  </body>
</html>
